name: pp36
channels:
  - defaults
dependencies:
  - _tflow_select=2.1.0=gpu
  - absl-py=0.7.0=py36_0
  - astor=0.7.1=py36_0
  - blas=1.0=mkl
  - c-ares=1.15.0=h7b6447c_1
  - ca-certificates=2019.1.23=0
  - certifi=2018.11.29=py36_0
  - cudatoolkit=9.2=0
  - cudnn=7.3.1=cuda9.2_0
  - cupti=9.2.148=0
  - freetype=2.9.1=h8a8886c_1
  - gast=0.2.2=py36_0
  - grpcio=1.16.1=py36hf8bcb03_1
  - h5py=2.9.0=py36h7918eee_0
  - hdf5=1.10.4=hb1b8bf9_0
  - intel-openmp=2019.1=144
  - joblib=0.13.1=py36_0
  - jpeg=9b=h024ee3a_2
  - keras-applications=1.0.6=py36_0
  - keras-preprocessing=1.0.5=py36_0
  - libedit=3.1.20181209=hc058e9b_0
  - libffi=3.2.1=hd88cf55_4
  - libgcc-ng=8.2.0=hdf63c60_1
  - libgfortran-ng=7.3.0=hdf63c60_0
  - libpng=1.6.36=hbc83047_0
  - libprotobuf=3.6.1=hd408876_0
  - libstdcxx-ng=8.2.0=hdf63c60_1
  - libtiff=4.0.10=h2733197_2
  - markdown=3.0.1=py36_0
  - mkl=2019.1=144
  - mkl_fft=1.0.10=py36ha843d7b_0
  - mkl_random=1.0.2=py36hd81dba3_0
  - ncurses=6.1=he6710b0_1
  - numpy=1.15.4=py36h7e9f1db_0
  - numpy-base=1.15.4=py36hde5b4d6_0
  - olefile=0.46=py36_0
  - openssl=1.1.1a=h7b6447c_0
  - pandas=0.24.1=py36he6710b0_0
  - pillow=5.4.1=py36h34e0f95_0
  - pip=19.0.1=py36_0
  - protobuf=3.6.1=py36he6710b0_0
  - python=3.6.8=h0371630_0
  - python-dateutil=2.7.5=py36_0
  - pytz=2018.9=py36_0
  - readline=7.0=h7b6447c_5
  - scikit-learn=0.20.2=py36hd81dba3_0
  - scipy=1.2.0=py36h7c811a0_0
  - setuptools=40.7.3=py36_0
  - six=1.12.0=py36_0
  - sqlite=3.26.0=h7b6447c_0
  - tensorboard=1.12.2=py36he6710b0_0
  - tensorflow=1.12.0=gpu_py36he74679b_0
  - tensorflow-base=1.12.0=gpu_py36had579c0_0
  - tensorflow-gpu=1.12.0=h0d30ee6_0
  - termcolor=1.1.0=py36_1
  - tk=8.6.8=hbc83047_0
  - werkzeug=0.14.1=py36_0
  - wheel=0.32.3=py36_0
  - xz=5.2.4=h14c3975_4
  - zlib=1.2.11=h7b6447c_3
  - zstd=1.3.7=h0b5b093_0
  - pip:
    - backcall==0.1.0
    - bleach==1.5.0
    - cycler==0.10.0
    - decorator==4.3.2
    - defusedxml==0.5.0
    - entrypoints==0.3
    - html5lib==0.9999999
    - ipykernel==5.1.0
    - ipython==7.2.0
    - ipython-genutils==0.2.0
    - ipywidgets==7.4.2
    - jedi==0.13.2
    - jinja2==2.10
    - jsonschema==2.6.0
    - jupyter==1.0.0
    - jupyter-client==5.2.4
    - jupyter-console==6.0.0
    - jupyter-core==4.4.0
    - keras==2.2.4
    - kiwisolver==1.0.1
    - markupsafe==1.1.0
    - matplotlib==3.0.2
    - metrics==0.3.3
    - mistune==0.8.4
    - nbconvert==5.4.0
    - nbformat==4.4.0
    - notebook==5.7.4
    - opencv-python==4.0.0.21
    - pandocfilters==1.4.2
    - parso==0.3.3
    - pathlib2==2.3.3
    - pathspec==0.5.5
    - pexpect==4.6.0
    - pickleshare==0.7.5
    - prometheus-client==0.5.0
    - prompt-toolkit==2.0.8
    - ptyprocess==0.6.0
    - pygments==2.2.0
    - pyparsing==2.3.1
    - pyyaml==3.13
    - pyzmq==17.1.2
    - qtconsole==4.4.3
    - send2trash==1.5.0
    - terminado==0.8.1
    - testpath==0.4.2
    - tornado==5.1.1
    - traitlets==4.3.2
    - wcwidth==0.1.7
    - webencodings==0.5.1
    - widgetsnbextension==3.4.2
prefix: /nethome/jbang36/miniconda2/envs/pp36

